0.000000000000000000e+00 -3.433125931320993307e-02
1.010101010101010083e-01 -4.099503090091331792e-02
2.020202020202020166e-01 8.270108326468499083e-02
3.030303030303030387e-01 -2.863973769975251479e-02
4.040404040404040331e-01 5.513459439916399557e-02
5.050505050505050830e-01 4.657237209244520504e-02
6.060606060606060774e-01 -4.926801378028661249e-02
7.070707070707070718e-01 -4.232688936553745396e-02
8.080808080808080662e-01 4.584214358442119386e-03
9.090909090909090606e-01 2.766469204650679262e-02
1.010101010101010166e+00 7.739152944747548432e-03
1.111111111111111160e+00 -8.847403475866459296e-03
1.212121212121212155e+00 -7.451671837044221425e-02
1.313131313131313149e+00 7.441460340192123171e-03
1.414141414141414144e+00 1.466095829877841691e-02
1.515151515151515138e+00 -9.711069746523391666e-02
1.616161616161616132e+00 2.021039421636705580e-02
1.717171717171717127e+00 4.597773820388897925e-02
1.818181818181818121e+00 6.019127457424146982e-02
1.919191919191919116e+00 8.240130111962003234e-02
2.020202020202020332e+00 1.850024915524546842e-01
2.121212121212121104e+00 1.355191909672711637e-01
2.222222222222222321e+00 2.664706364139722283e-01
2.323232323232323093e+00 4.548352266511471731e-01
2.424242424242424310e+00 5.945877608744013498e-01
2.525252525252525082e+00 8.332615087932323528e-01
2.626262626262626299e+00 9.778232674263164226e-01
2.727272727272727071e+00 1.077774980615141320e+00
2.828282828282828287e+00 1.031476323725132094e+00
2.929292929292929060e+00 1.106717326359155873e+00
3.030303030303030276e+00 1.042143814718118344e+00
3.131313131313131048e+00 1.019755658491164452e+00
3.232323232323232265e+00 7.771766966466969739e-01
3.333333333333333481e+00 7.051677554552733262e-01
3.434343434343434254e+00 6.931701024725305249e-01
3.535353535353535470e+00 6.133084501623700113e-01
3.636363636363636243e+00 7.133414614016914124e-01
3.737373737373737459e+00 5.716857859768579297e-01
3.838383838383838231e+00 6.402526259169851741e-01
3.939393939393939448e+00 7.241039668646013228e-01
4.040404040404040664e+00 7.667857071399478697e-01
4.141414141414140992e+00 7.694657032499150340e-01
4.242424242424242209e+00 8.362767017611896225e-01
4.343434343434343425e+00 1.016943605198813660e+00
4.444444444444444642e+00 9.452550353819239026e-01
4.545454545454544970e+00 9.920692245138680310e-01
4.646464646464646187e+00 1.003760789198641978e+00
4.747474747474747403e+00 9.012821062506390923e-01
4.848484848484848619e+00 1.018257349054239924e+00
4.949494949494949836e+00 1.001648458767167238e+00
5.050505050505050164e+00 9.131466766943252544e-01
5.151515151515151381e+00 9.132362771163143877e-01
5.252525252525252597e+00 1.002894244558608206e+00
5.353535353535353813e+00 9.058768540018148352e-01
5.454545454545454142e+00 8.828080657940383658e-01
5.555555555555555358e+00 7.191957192991256242e-01
5.656565656565656575e+00 7.809620011808954265e-01
5.757575757575757791e+00 7.003519991564981506e-01
5.858585858585858119e+00 6.304916579862892556e-01
5.959595959595959336e+00 5.460406689965698890e-01
6.060606060606060552e+00 4.386836105238156036e-01
6.161616161616161769e+00 4.607095694836642608e-01
6.262626262626262097e+00 4.685713719712754632e-01
6.363636363636363313e+00 3.597432510925662186e-01
6.464646464646464530e+00 2.524962118642170017e-01
6.565656565656565746e+00 2.415228269157330687e-01
6.666666666666666963e+00 3.285105172205851631e-01
6.767676767676767291e+00 1.624965521770438126e-01
6.868686868686868507e+00 1.373292305001721780e-01
6.969696969696969724e+00 1.125721638915308659e-01
7.070707070707070940e+00 1.504754362323900141e-01
7.171717171717171269e+00 1.724294326339407546e-01
7.272727272727272485e+00 3.782380817343672375e-02
7.373737373737373701e+00 7.982861001588209549e-02
7.474747474747474918e+00 6.874300362272273146e-02
7.575757575757575246e+00 4.292672579490598717e-02
7.676767676767676463e+00 1.370650946534316024e-02
7.777777777777777679e+00 3.355551000365499664e-02
7.878787878787878896e+00 -3.753972686339368536e-02
7.979797979797979224e+00 -3.068951671824958483e-02
8.080808080808081328e+00 9.186022801911938179e-03
8.181818181818181657e+00 -5.152285928173092749e-02
8.282828282828281985e+00 7.455728137139817913e-02
8.383838383838384090e+00 -9.072591991179383003e-03
8.484848484848484418e+00 -1.306343010628997492e-01
8.585858585858586522e+00 2.573764318039195326e-03
8.686868686868686851e+00 -4.612779213241975304e-03
8.787878787878787179e+00 5.692382856842393563e-02
8.888888888888889284e+00 -1.701304408143728547e-02
8.989898989898989612e+00 -5.222715919091222569e-02
9.090909090909089940e+00 -9.501790886926445023e-02
9.191919191919192045e+00 -1.715474676372868990e-02
9.292929292929292373e+00 1.498859653044134349e-02
9.393939393939394478e+00 -9.954781066712781179e-02
9.494949494949494806e+00 5.955623545315530398e-02
9.595959595959595134e+00 -5.013210075490592832e-02
9.696969696969697239e+00 6.528314500836357448e-02
9.797979797979797567e+00 -4.120407154674207012e-02
9.898989898989899672e+00 5.613302065467594588e-03
1.000000000000000000e+01 -2.246221600704552054e-02
